4643
881660	569000
744380	1501000
321880	1255000
1423500	743000
786760	721000
1009840	575000
806260	743000
742300	1587000
297700	1267000
935740	1161000
1175980	925000
744640	1537000
138580	549000
110240	441000
219960	901000
954720	911000
649740	1309000
275860	1119000
843960	443000
571480	941000
134160	493000
533520	419000
239980	429000
757380	1171000
1231880	961000
133900	689000
912340	339000
697580	559000
582660	935000
401700	321000
932360	1405000
298480	987000
1213420	709000
486200	1311000
486720	1017000
777920	1619000
1148420	1097000
632320	721000
1306240	1553000
349440	221000
770380	265000
106600	273000
1018420	1253000
876460	475000
583700	799000
719680	1087000
657280	873000
271960	789000
1040780	737000
249340	499000
944320	1443000
1021280	1281000
989820	319000
834600	719000
446420	207000
262600	1069000
135980	203000
125580	567000
358800	1261000
1283360	1121000
797160	299000
114140	209000
117520	163000
785980	63000
384540	197000
130000	153000
548860	1293000
1171820	1445000
810680	1221000
383760	1261000
363740	829000
778960	121000
579280	859000
832520	941000
810940	571000
166660	791000
684580	315000
704340	563000
527280	1053000
1322880	667000
276900	493000
1220960	963000
1318720	709000
950820	1079000
425880	947000
762580	1411000
1271140	1385000
403260	207000
420160	661000
516100	575000
912340	357000
523900	577000
621400	733000
1162460	931000
1323920	1091000
1000480	1419000
409760	955000
709280	555000
1239420	715000
443560	959000
560560	811000
887120	471000
1086800	525000
1119040	1137000
648700	1311000
933400	1437000
1423240	731000
732680	667000
1272180	1581000
732160	1227000
325000	661000
255060	477000
425100	959000
293800	157000
673400	1009000
585520	633000
739960	1119000
413400	647000
455000	1011000
353080	1031000
410280	609000
416520	777000
534820	561000
952120	1081000
703820	1067000
1391780	551000
552240	421000
717340	339000
436540	947000
1394900	1093000
416000	393000
752440	1081000
436540	879000
327600	571000
351520	1043000
158080	405000
323440	651000
181220	513000
622180	735000
198640	681000
752700	1077000
230360	783000
372840	599000
664560	769000
850200	495000
351260	601000
872820	473000
290680	661000
692380	559000
421720	399000
371800	811000
426400	973000
363740	697000
943020	845000
1283100	1309000
888420	467000
365820	583000
420160	657000
1346540	659000
1409720	741000
538720	567000
740480	1585000
1223820	1453000
414700	951000
509080	517000
1197040	1203000
430300	953000
1424800	601000
1035060	693000
763100	1329000
164840	513000
386880	613000
525720	919000
333580	997000
592540	707000
1251120	1277000
552500	913000
1347580	1117000
706680	1253000
386620	615000
433160	585000
1390480	565000
378560	1073000
1425580	1463000
1333280	1597000
1378780	1565000
1255540	1601000
1415440	1185000
1385800	1153000
1425060	1471000
1392040	1611000
1396720	1145000
1404260	1357000
1315080	1579000
1344720	1605000
1340820	1573000
1265160	1603000
1324700	1549000
1341340	1529000
1416220	1351000
1223820	1605000
1394380	1183000
1394900	1401000
1316640	1605000
1407380	1389000
1417780	1321000
1416740	1315000
1391520	1543000
1359280	1467000
1396460	1537000
1416480	1549000
1410760	1551000
1393340	1321000
1357460	1453000
959920	1171000
958880	1163000
1425320	651000
1268540	1125000
1032980	675000
824460	753000
1259700	691000
1047020	693000
1050140	711000
128960	575000
1057680	697000
869440	441000
1076140	707000
367900	1267000
568880	451000
1249040	1463000
475540	345000
464360	573000
393900	81000
748280	625000
257660	1063000
637780	755000
630500	733000
854620	381000
591500	705000
107120	271000
1326520	693000
557180	1123000
709540	595000
431860	201000
571740	645000
726440	1337000
371020	809000
830180	371000
588640	451000
881400	689000
388700	221000
859560	533000
290940	657000
850460	645000
967720	913000
229060	885000
433160	185000
641680	1305000
546260	555000
284440	677000
626080	891000
155480	763000
739180	569000
1028040	1263000
518700	903000
385580	163000
644020	877000
692640	1275000
404300	183000
128960	563000
413140	187000
467740	879000
273000	787000
264940	483000
1099540	345000
1028040	319000
680420	347000
431600	949000
415740	765000
1323400	1137000
361660	235000
314340	119000
561600	315000
885040	505000
628420	871000
124540	299000
803400	731000
122980	493000
546000	513000
165100	505000
544180	333000
280020	495000
123240	499000
579800	809000
880360	1261000
164320	511000
137540	611000
359840	583000
698880	1227000
342160	989000
332800	637000
788060	129000
719160	1065000
1228760	1283000
255840	425000
1016340	1271000
209820	481000
117780	167000
195000	679000
411320	663000
818740	1209000
372320	763000
816660	391000
159900	547000
1144000	687000
285480	1163000
304980	1251000
334100	629000
104780	957000
425100	957000
1008800	581000
268840	1291000
579540	661000
222300	829000
542620	271000
1019460	359000
117520	431000
430300	1305000
924560	1345000
132600	691000
1148420	1619000
393380	895000
776360	47000
445380	585000
1094600	1313000
1036360	1309000
1042600	1305000
426140	217000
1041040	1299000
525720	879000
807300	335000
380640	1259000
880360	457000
936520	665000
648180	983000
716820	717000
1086800	1307000
134420	149000
1080560	1305000
1115920	1299000
1010880	705000
577200	677000
1074320	1301000
1025180	691000
1089400	1309000
1044940	709000
1053260	1305000
1039220	723000
676000	1303000
1272960	1459000
551200	1297000
1107080	1315000
1040000	695000
467740	249000
1053520	1303000
1035320	699000
1031160	1307000
1013480	741000
1024140	1307000
789100	45000
821340	679000
1026480	1297000
1019200	691000
1022060	1289000
1016600	701000
1096160	1471000
1019720	1285000
992420	703000
430300	871000
762060	637000
1022320	1309000
756860	1571000
1006200	701000
1126060	1319000
1036100	701000
767260	93000
1047800	1305000
1023880	711000
1051180	1313000
1062360	717000
1075880	1317000
1068340	735000
1112020	1311000
996840	711000
993720	705000
989300	735000
912860	1253000
1046760	703000
525200	515000
1052480	697000
1051700	699000
656240	1069000
254800	399000
545480	383000
1132300	1579000
191620	527000
1213160	627000
808080	939000
496340	477000
196560	509000
431340	41000
1217580	1493000
416520	31000
1126320	1549000
231140	823000
547560	797000
1199380	643000
320580	447000
541320	795000
119340	361000
284700	189000
1141400	851000
426140	449000
222820	183000
621400	349000
310960	155000
768560	1093000
1191320	825000
868920	729000
651040	653000
552760	455000
865540	743000
754000	641000
223600	679000
442780	421000
436540	439000
660920	393000
896220	733000
307580	175000
919100	1349000
436280	413000
669760	389000
967460	1311000
249600	933000
296660	127000
146640	309000
449800	433000
402480	167000
229060	677000
313560	815000
948480	769000
683020	325000
437580	455000
480740	443000
260000	175000
543400	389000
537420	401000
770120	233000
576160	893000
333840	733000
575120	429000
320580	717000
501020	489000
240760	765000
679380	319000
1105260	1027000
421460	231000
453700	459000
301340	475000
183040	507000
694460	319000
552240	813000
276120	453000
204620	635000
216840	681000
256360	931000
924040	923000
816920	1083000
913120	917000
423020	225000
828100	1111000
764140	491000
815360	737000
623480	839000
139880	519000
774800	791000
204100	641000
835380	745000
165100	623000
279500	1085000
298480	829000
450580	159000
413400	323000
731380	423000
233740	801000
175760	619000
504140	763000
437840	747000
177840	623000
1019720	1001000
164580	337000
834340	1537000
486200	763000
733460	1113000
451100	255000
150540	627000
878800	1493000
152620	169000
177580	615000
700440	489000
589940	807000
437060	749000
659620	595000
763620	37000
192400	665000
206440	295000
1089400	1027000
389740	809000
293540	741000
147160	315000
186940	673000
1259180	633000
775320	445000
418600	345000
163540	131000
181220	663000
657280	1303000
1221740	795000
759460	525000
1377480	899000
626080	893000
165880	627000
574080	395000
163540	125000
1207960	795000
611520	383000
791180	533000
1299220	893000
295620	831000
161460	141000
130780	761000
190840	671000
528840	459000
965120	621000
457340	951000
575640	453000
229580	679000
503100	257000
176280	625000
321620	815000
461760	271000
156260	783000
552500	467000
661440	397000
1171560	1477000
160680	139000
677820	387000
171600	793000
1244620	1313000
1315860	831000
193440	643000
602940	385000
555620	475000
241020	677000
139620	133000
165620	621000
177060	621000
146640	193000
169520	615000
1270360	1471000
1273740	959000
564980	445000
248300	553000
1289080	1479000
129740	485000
275860	549000
206700	123000
763620	283000
799240	1317000
205920	575000
1197040	969000
189800	667000
277420	677000
704080	507000
445120	241000
538980	489000
668720	373000
690040	397000
593580	1247000
307060	693000
273260	655000
764920	1107000
280280	651000
313300	705000
388440	1089000
382200	205000
313560	1223000
804960	671000
1207440	917000
929760	987000
603460	1239000
121420	521000
1281280	1323000
570180	1215000
717600	609000
1279200	1065000
774800	267000
1270100	1065000
173420	521000
844480	645000
1214200	1029000
761800	623000
571220	1183000
573300	1169000
777400	255000
478140	267000
426400	259000
581360	1255000
650000	1209000
402740	357000
572260	1173000
558480	803000
404820	363000
153140	589000
114140	141000
494000	1099000
430040	189000
784420	1015000
379340	767000
1107860	1273000
217360	587000
320320	833000
510380	595000
251160	557000
225680	957000
379340	463000
921180	1433000
945880	1601000
557700	815000
421200	775000
251420	673000
1272440	973000
496600	269000
176540	239000
115180	225000
873080	1313000
1299480	1379000
1021280	977000
259740	603000
167700	831000
640380	1209000
495040	261000
552500	577000
262600	669000
832000	1321000
173160	135000
1019200	585000
263900	587000
603460	349000
1073540	1295000
1192620	1503000
1124240	969000
536640	513000
913380	1271000
1183260	1077000
811720	459000
435760	353000
361140	541000
272480	597000
628420	463000
616200	1285000
1067300	1273000
376740	547000
1055600	1295000
248300	669000
642980	1211000
256360	551000
222820	595000
742300	391000
217360	559000
928720	1011000
547040	589000
284180	663000
361660	531000
701480	407000
653900	1215000
218660	591000
618280	1257000
136760	461000
394680	283000
270920	571000
178360	677000
612560	1255000
848900	1377000
495820	1039000
726440	389000
1226940	977000
163540	583000
618280	1287000
280020	589000
106860	169000
908440	1249000
386360	267000
657540	1231000
451880	399000
380380	269000
225160	553000
552500	809000
209300	573000
669760	1245000
1124240	1077000
861640	739000
598520	1157000
236860	651000
534300	1257000
592020	1259000
403000	527000
612820	1279000
978640	1067000
574080	1273000
1087060	1167000
176020	267000
386620	265000
1024920	1163000
514280	397000
1175460	669000
536380	515000
242320	633000
244140	595000
443040	557000
505180	935000
372320	543000
494520	1097000
368940	533000
400140	523000
826800	1581000
951860	1067000
485680	413000
436540	199000
535600	1281000
263900	657000
1011400	1053000
626860	353000
659360	1255000
946140	1133000
250120	671000
581880	1165000
942760	1075000
368940	305000
938080	1133000
278980	575000
1049360	1169000
450840	549000
640380	1253000
286260	655000
392080	529000
413400	401000
706680	1119000
360100	307000
408200	553000
412100	345000
391040	387000
1108900	561000
117520	715000
833820	429000
272740	675000
244140	571000
969540	1169000
262600	797000
349440	971000
437320	467000
337740	359000
240760	609000
556400	1275000
642200	1263000
369720	321000
885560	1379000
379340	339000
811460	1109000
893360	347000
465400	567000
263900	565000
248300	825000
365040	295000
1101880	649000
355680	429000
777140	139000
1250340	615000
1100320	569000
630500	1241000
909480	1485000
486200	569000
642460	1267000
244660	589000
805480	443000
558480	1113000
162500	793000
352560	421000
925080	1499000
591760	913000
244660	673000
338260	463000
354380	303000
229840	709000
370240	463000
812500	437000
1257100	629000
581880	1103000
370240	291000
763620	109000
234780	753000
461240	559000
621920	1133000
412880	455000
553020	1295000
338260	435000
639600	1175000
1234220	607000
569400	1283000
291720	147000
296920	145000
288340	131000
763620	113000
484900	565000
438360	561000
357240	293000
211900	525000
1016340	1283000
353340	459000
465660	569000
826020	1321000
616200	999000
1027780	341000
260260	939000
187720	501000
572520	1245000
358020	345000
1183260	593000
942500	1167000
414700	279000
268840	897000
404820	561000
364520	335000
558480	1261000
532220	1079000
498680	571000
132340	227000
448760	469000
280800	593000
146900	581000
660400	559000
455260	383000
1147120	927000
213460	151000
450060	377000
210600	143000
267020	1067000
346580	427000
587080	907000
1095120	597000
345020	329000
341640	443000
374660	555000
332800	467000
349700	359000
331760	815000
379340	567000
1074320	975000
505440	581000
347880	439000
396240	553000
365300	519000
405600	345000
443300	467000
351520	461000
224900	123000
698100	1021000
178100	839000
229580	165000
1149460	607000
563160	997000
305760	473000
294840	477000
1148940	971000
672880	963000
213460	877000
387140	447000
147160	545000
407420	429000
754260	643000
1198860	615000
1143480	607000
531960	1057000
358800	1085000
377260	447000
1093560	1025000
375180	303000
748020	663000
393640	25000
533260	893000
355420	447000
1120860	939000
633620	989000
212420	881000
352560	1087000
347620	443000
534040	1051000
352820	1085000
790140	999000
426400	451000
345280	411000
676520	1053000
117520	703000
613600	987000
803140	757000
305240	469000
387400	555000
761280	1113000
436020	457000
573560	359000
262080	827000
402220	553000
255580	697000
109200	419000
126620	803000
1240200	1251000
147160	905000
189540	803000
127660	939000
641680	1069000
793260	5000
388180	549000
377780	171000
306540	725000
1167140	537000
645320	1079000
623220	1197000
676260	549000
447720	947000
370760	547000
272740	851000
484120	425000
641160	1055000
338260	201000
749840	1097000
663260	465000
396760	191000
876200	405000
594620	357000
466960	565000
131300	765000
581100	479000
1235520	603000
253760	835000
371280	309000
154960	811000
1114100	539000
216580	159000
264420	891000
386100	167000
726960	609000
249600	961000
220740	133000
955500	583000
238680	131000
814060	1321000
106080	665000
463840	425000
378560	173000
238160	875000
251940	169000
233480	243000
202800	133000
379340	483000
277680	859000
430300	1129000
1108900	543000
750880	1105000
408980	485000
453180	1121000
385060	181000
284440	617000
372840	319000
433160	1053000
781300	1129000
652860	363000
406900	1079000
299000	709000
380900	559000
214760	133000
401180	1071000
217100	785000
187200	475000
1294280	829000
505700	1113000
225680	171000
237120	209000
270400	889000
231660	171000
673920	355000
410020	545000
192920	473000
597740	1067000
383760	557000
202800	141000
246220	931000
435760	1117000
545480	839000
791180	321000
247000	949000
291200	975000
174460	395000
427180	47000
160680	559000
1125020	551000
414440	85000
1038700	1267000
156260	411000
444080	109000
288080	211000
1336400	771000
485940	1111000
438100	109000
338000	343000
1135160	571000
448240	483000
1050920	577000
822120	437000
1134900	569000
470860	1139000
777140	145000
621920	1121000
359060	529000
1015820	577000
454220	483000
394680	545000
841620	407000
1128400	553000
796380	445000
216840	141000
350740	1137000
175760	783000
622960	1171000
764920	99000
302380	1169000
231400	861000
388960	137000
1125020	559000
532740	1053000
682240	415000
575380	873000
148460	813000
540800	1009000
808860	445000
358280	1139000
809380	327000
320580	839000
581100	865000
153920	887000
369200	311000
814840	445000
803660	441000
768560	57000
169000	963000
798720	49000
691860	367000
263900	187000
295880	267000
366340	207000
697320	465000
423280	51000
148200	823000
259740	835000
400660	135000
1125280	547000
529620	1281000
143520	771000
671320	409000
603460	449000
845780	315000
254280	823000
424580	735000
962260	1551000
299780	297000
888680	751000
422240	1103000
761800	1289000
383500	299000
306280	877000
425360	285000
771680	405000
267020	277000
1092000	719000
223080	243000
182260	203000
737360	1249000
552500	519000
174980	963000
181220	219000
797940	41000
818220	429000
572260	541000
109980	757000
824200	429000
997360	1475000
793520	43000
204100	205000
817440	431000
624260	635000
373620	183000
543400	557000
820560	433000
406640	349000
204620	227000
574080	619000
634140	997000
879580	1379000
172900	195000
159120	785000
1106560	703000
587600	385000
159120	213000
386100	183000
229580	285000
271960	193000
565760	1159000
180440	533000
1093040	671000
588900	849000
192920	267000
293540	287000
281320	275000
220220	277000
730600	365000
574340	1157000
688220	1215000
195520	289000
578240	855000
157300	365000
732420	1139000
222040	249000
107380	465000
544700	851000
810940	383000
254800	209000
1260480	641000
1273740	557000
158340	715000
246220	229000
429520	1139000
436800	81000
235040	289000
150280	345000
137280	431000
772720	293000
254280	275000
494520	441000
167180	485000
133120	351000
582660	845000
1058460	1249000
215280	763000
377780	395000
119340	357000
158340	711000
1349140	875000
627640	833000
182780	407000
159640	723000
289380	247000
801320	581000
585000	1241000
541060	1117000
103220	921000
313820	261000
96980	921000
116480	933000
1188460	575000
193960	765000
1031420	1249000
764660	1183000
190060	943000
184600	405000
127400	307000
1347580	637000
219180	699000
394940	137000
1298180	661000
210600	459000
176800	633000
586820	1065000
219700	697000
508300	439000
180700	269000
371020	359000
129480	929000
215540	943000
137020	743000
171860	643000
949780	1443000
259480	411000
191880	181000
234000	509000
217620	959000
221780	597000
411320	137000
165360	601000
392600	1091000
182520	427000
447720	749000
217360	251000
205400	959000
387140	451000
581880	1269000
192140	945000
202800	277000
276900	861000
234780	609000
146640	833000
568620	1131000
742560	1105000
309400	925000
231140	493000
331760	363000
454480	1113000
183040	181000
395980	409000
593840	1243000
179400	183000
222300	621000
235300	441000
241540	285000
819260	457000
445640	127000
211640	691000
339040	321000
270400	283000
204620	899000
291460	945000
171080	731000
320580	387000
301600	251000
411060	141000
681980	1289000
932880	1489000
197600	891000
252980	755000
160420	895000
405340	137000
390260	403000
227500	707000
575900	515000
365040	359000
466180	1107000
297180	955000
279240	219000
586040	851000
303680	755000
234520	621000
146640	829000
242580	647000
206960	239000
177060	609000
280540	391000
202280	521000
164580	599000
302640	897000
204620	639000
382980	453000
244400	549000
282100	453000
179660	589000
289900	193000
237900	587000
651040	353000
222560	499000
298480	185000
228540	621000
201760	553000
481260	567000
186680	247000
317200	361000
150020	579000
328120	349000
1283100	643000
173420	679000
153920	719000
688220	569000
185900	665000
138320	555000
1330680	557000
270660	295000
335140	369000
259220	171000
371540	387000
285740	277000
581880	349000
251160	405000
174980	235000
452660	107000
1307800	577000
1299220	641000
1318460	571000
187200	935000
320580	425000
450320	1107000
184600	227000
256620	459000
1332500	579000
126100	301000
218140	551000
995280	531000
236600	457000
217620	239000
247780	161000
136500	427000
1342120	555000
204620	379000
188500	663000
545480	1157000
203060	253000
259220	239000
106600	295000
151320	323000
216840	549000
450320	1261000
1399580	895000
189800	719000
416260	1091000
113100	385000
456040	1109000
235560	539000
324480	493000
193960	609000
171600	659000
204880	279000
333060	509000
967460	603000
211900	901000
349180	395000
190580	595000
185900	607000
377000	443000
1283360	849000
487760	1135000
632060	707000
236340	669000
251680	257000
1156480	539000
947700	743000
1156740	543000
378300	403000
196560	691000
180700	655000
959140	597000
106860	299000
204360	469000
112580	357000
391040	1201000
245440	271000
971880	601000
239720	597000
385320	1181000
191100	727000
371540	385000
146120	471000
1155440	561000
156780	677000
341120	399000
255320	235000
1303900	855000
185380	707000
200720	605000
1334840	835000
205400	559000
172640	785000
367900	433000
1408420	879000
23920	931000
458380	1187000
1063140	1269000
128960	753000
427960	565000
379600	413000
1375920	875000
219440	633000
334880	423000
546520	381000
813020	361000
384800	441000
328380	447000
371800	355000
236080	615000
123760	129000
233220	623000
216580	635000
171600	597000
254540	127000
262600	959000
236600	627000
855660	739000
71500	923000
198120	945000
189280	923000
328640	449000
184340	651000
210860	583000
123760	227000
317200	437000
187980	765000
184860	569000
346320	241000
205920	547000
190840	917000
1340560	1341000
1140360	551000
174720	571000
146640	943000
627900	709000
137540	211000
133640	133000
1170520	1151000
1313260	1331000
336700	507000
1132300	547000
218140	609000
296660	315000
101660	929000
595660	383000
247260	451000
702000	423000
328640	285000
161200	913000
332800	311000
246740	617000
734760	363000
323180	299000
183560	799000
218140	613000
78260	909000
201240	761000
326300	747000
637260	803000
207220	777000
268840	801000
337480	259000
1151540	1235000
351260	273000
267280	781000
355680	1203000
349440	293000
945360	757000
791960	557000
234780	617000
460460	1217000
897000	589000
368680	389000
1250860	761000
742300	423000
1259960	1167000
718120	421000
295620	791000
170040	703000
241280	631000
127400	915000
137020	473000
347100	385000
699920	397000
242320	629000
157040	415000
636480	651000
224640	591000
211640	551000
321100	267000
111280	237000
347880	237000
197080	669000
353860	291000
1300260	1367000
347620	405000
712400	391000
474240	277000
238940	591000
418600	1281000
215800	797000
354120	361000
262080	799000
809640	331000
479180	271000
1085500	1487000
598000	599000
375700	415000
252720	795000
130000	921000
338520	257000
138320	949000
1030640	1175000
514280	1291000
889200	711000
459160	533000
499460	583000
1067560	1171000
326820	311000
311220	307000
460200	531000
122720	905000
118820	241000
1281800	817000
423540	511000
469040	493000
708240	1111000
498680	253000
316940	725000
419120	549000
455520	1185000
158600	911000
1278420	801000
329680	281000
248300	131000
219180	667000
424580	257000
485940	491000
696020	1103000
681200	533000
545480	371000
581620	333000
449540	1141000
415480	475000
403260	283000
153400	877000
775840	919000
468780	1211000
421460	475000
529360	451000
164320	931000
684840	697000
1134900	595000
219440	807000
476840	1139000
115700	785000
139880	471000
332020	317000
897260	1477000
152880	821000
450320	43000
486720	495000
418600	1263000
160680	961000
388960	1171000
686660	507000
425880	531000
1278940	947000
533780	927000
371020	369000
553020	387000
1115660	553000
700180	425000
126880	797000
429520	527000
670540	371000
446680	1143000
151060	587000
452660	77000
670280	333000
380640	665000
411060	1267000
506480	259000
129740	927000
545480	425000
440180	45000
455520	527000
486980	503000
434460	521000
194740	819000
196300	737000
356980	379000
690820	355000
967980	1381000
655980	347000
509080	257000
1147640	597000
486460	263000
171860	587000
440960	525000
193960	575000
216320	761000
534300	327000
1130220	573000
390520	1095000
418080	109000
470860	501000
263380	987000
402220	1143000
436800	529000
466960	363000
358280	365000
939900	1089000
161720	947000
1240460	1329000
472160	539000
670540	425000
878020	1133000
436540	1267000
139620	935000
736320	443000
472940	565000
356980	385000
148980	959000
807040	913000
681460	555000
779740	1341000
303160	119000
612820	653000
807040	955000
382200	121000
479440	555000
462800	297000
154440	923000
320580	253000
430560	173000
170560	599000
349180	409000
174200	629000
354900	143000
397280	567000
411060	119000
902460	1055000
791700	1003000
475800	559000
474760	329000
812240	363000
848640	1343000
442780	285000
436540	503000
1258920	721000
482820	1215000
209560	707000
934700	1063000
460200	283000
182000	747000
452660	277000
689520	533000
700960	573000
428740	563000
122980	743000
1350960	941000
472160	499000
186940	933000
1277120	753000
422500	551000
703300	541000
139620	613000
531180	363000
351520	305000
166660	961000
203580	317000
697840	563000
445640	563000
543660	327000
792220	1395000
219180	323000
475540	333000
164060	383000
436800	33000
135720	739000
162500	799000
176280	293000
234780	963000
444860	295000
481000	543000
204880	315000
536120	341000
766220	497000
448240	323000
459680	309000
416780	563000
171080	261000
700440	567000
478140	537000
197600	301000
527800	339000
513760	341000
399620	565000
784420	317000
444340	293000
1132300	807000
473460	407000
154440	813000
459940	305000
578760	369000
200720	793000
765180	519000
431080	561000
148720	901000
448240	313000
1013480	1393000
412100	557000
1073020	1231000
1279200	709000
388180	477000
411580	33000
1276340	1253000
442780	315000
168220	265000
465920	325000
508040	275000
497380	283000
357760	491000
1347060	1319000
789360	1023000
579280	693000
297180	781000
160160	255000
230620	575000
258700	783000
760500	559000
459680	1163000
468780	333000
791960	1025000
692900	671000
419380	289000
1027260	1021000
477100	335000
455780	285000
500500	1123000
445380	297000
216060	963000
167960	579000
396240	15000
979680	1027000
190320	955000
503880	311000
197600	959000
396500	1095000
501280	493000
1290380	1251000
749060	1041000
225940	671000
175500	281000
983320	1389000
165100	261000
409240	45000
196300	583000
131040	269000
1048840	581000
1016340	581000
831480	1065000
293280	777000
258960	759000
863980	1017000
719420	341000
405860	165000
420420	83000
1262820	1239000
1240200	605000
357760	499000
507000	385000
413400	349000
165360	285000
497380	1289000
133900	639000
355940	501000
527540	323000
616460	351000
381940	477000
481780	1135000
595400	659000
157560	263000
621140	365000
221520	327000
538200	377000
255840	139000
236600	449000
480480	289000
179400	233000
483860	325000
927420	1009000
531960	343000
727740	1093000
173940	493000
479440	507000
1088100	945000
494520	293000
180700	585000
253760	153000
569140	321000
995280	549000
891540	983000
349960	501000
785720	1489000
282620	157000
932100	1013000
485680	493000
283400	151000
223080	267000
797680	1467000
418860	1127000
824200	1351000
726700	313000
230360	573000
214760	751000
884000	937000
313040	439000
911820	1029000
470860	491000
258180	131000
900380	923000
274300	149000
442520	539000
730080	331000
349440	147000
476060	505000
591240	397000
306020	181000
607360	667000
286780	163000
294320	131000
1272440	1151000
192660	681000
364260	507000
176020	285000
727740	1095000
424580	89000
468520	563000
320580	125000
305240	287000
167960	591000
488800	519000
487500	561000
1101880	1207000
293800	163000
700440	1109000
449020	541000
255320	151000
167440	143000
428480	539000
603460	657000
235040	677000
477360	495000
615420	577000
698880	1091000
455520	521000
638040	613000
487500	501000
366860	191000
425360	181000
479440	363000
692900	1093000
174200	585000
730080	493000
701480	709000
729040	367000
336440	163000
1291420	961000
133640	607000
460980	535000
313820	181000
166920	259000
223080	669000
723580	1115000
139880	231000
774020	177000
212420	335000
357500	495000
156780	267000
533000	489000
210340	593000
692120	1117000
1282840	825000
123760	917000
534040	511000
254540	331000
508560	361000
309140	337000
360360	503000
231140	667000
385320	1113000
175240	139000
575900	441000
223600	615000
184080	573000
156520	149000
151580	201000
493220	507000
575380	425000
380120	1089000
507260	359000
412620	197000
927420	513000
576420	439000
233740	613000
199680	533000
437060	527000
439140	35000
436540	539000
576160	435000
420940	539000
483860	489000
338260	187000
488020	527000
205400	687000
724100	1103000
429520	501000
910000	755000
139620	961000
709540	369000
437060	551000
583960	825000
446940	525000
680160	579000
386620	1263000
495820	383000
1333280	1253000
371540	1101000
686920	685000
476840	491000
117520	265000
384800	1265000
501540	513000
129740	263000
1340820	1215000
413140	311000
177840	587000
1330160	1295000
436280	269000
218660	685000
456820	543000
506740	451000
486980	507000
176800	327000
524420	501000
529100	463000
430300	505000
278980	345000
478660	377000
1182740	605000
171080	609000
770380	183000
599040	317000
229060	339000
594620	329000
481260	483000
421720	1265000
469300	477000
172900	305000
487500	477000
142480	427000
197600	317000
807040	321000
494780	501000
730080	337000
197080	343000
494520	521000
385840	509000
1329640	1179000
638300	361000
138060	153000
196560	673000
614380	335000
380640	491000
135200	261000
615160	333000
794560	3000
764140	293000
701480	591000
283140	371000
389220	499000
460980	395000
183820	125000
385320	503000
781820	185000
415480	479000
291200	355000
495820	385000
204100	673000
444340	401000
279240	731000
414700	113000
276120	329000
388180	515000
477100	419000
274820	779000
563160	839000
325780	247000
203060	677000
328380	219000
416260	515000
320580	231000
178880	129000
951340	585000
1083160	657000
379340	503000
1067300	559000
240500	299000
406900	477000
212940	781000
325780	1259000
405600	513000
410020	501000
824720	455000
271960	339000
166140	121000
709020	593000
148720	177000
397540	483000
1095380	595000
179660	211000
739960	669000
824460	363000
429520	299000
222300	319000
404040	497000
167700	157000
167700	593000
393380	521000
567320	821000
270140	201000
118300	243000
218400	349000
429780	1277000
732420	681000
436280	329000
297180	355000
381420	485000
265720	315000
1261520	605000
316420	341000
677040	581000
178100	603000
728520	693000
450840	509000
175760	323000
436540	271000
139620	149000
398580	489000
165100	365000
1296100	579000
172380	737000
231660	343000
235560	679000
567580	829000
469560	481000
504140	307000
178880	523000
197080	689000
1197040	573000
196820	661000
177580	613000
432900	489000
196820	531000
707200	493000
362700	511000
589680	309000
707980	657000
448500	507000
209300	667000
146900	219000
1350180	647000
168480	707000
726440	709000
624520	821000
454740	487000
401960	511000
690560	681000
390520	523000
174200	611000
747500	1121000
158860	569000
1188720	567000
418600	203000
388960	513000
235820	545000
454740	489000
686660	553000
451360	515000
399880	493000
240500	621000
417560	511000
155740	217000
366600	483000
676260	697000
1100060	1281000
399360	495000
209560	847000
412880	477000
215020	669000
1324440	963000
802100	1321000
1135680	597000
467220	489000
417560	161000
304200	749000
191620	127000
400400	255000
444860	473000
1342120	1051000
439660	341000
485160	487000
152620	197000
1214980	639000
378560	565000
1060540	321000
243880	963000
469820	449000
147160	161000
241540	665000
1263600	1463000
176540	163000
362960	533000
180180	165000
773500	309000
1241760	657000
1285700	1023000
411580	513000
475020	451000
137800	605000
895440	345000
419120	495000
1213420	625000
773240	803000
468000	451000
456040	497000
179400	149000
620100	611000
457600	443000
364260	495000
1113320	593000
423540	507000
389740	505000
1157000	581000
459420	555000
256620	983000
414440	417000
1287780	757000
644020	471000
1125020	1065000
1284660	805000
1274000	615000
537680	873000
568880	477000
923780	745000
417040	497000
1272440	599000
702260	1111000
1283100	701000
518440	783000
212420	771000
396760	505000
1084460	559000
1076400	561000
1259440	1513000
443560	501000
1355120	823000
1160120	585000
1167920	577000
1154660	575000
448760	477000
447980	475000
768820	197000
389220	491000
253500	675000
166920	381000
727480	1105000
834080	1353000
1354600	719000
152620	223000
425100	495000
275080	899000
453180	445000
362700	497000
413140	319000
538980	509000
424320	421000
444600	383000
466960	389000
280540	891000
286780	711000
543400	577000
395980	511000
426400	391000
455520	501000
159120	699000
438100	437000
1403220	769000
1289860	737000
699660	1105000
1216280	633000
1353300	873000
1175720	613000
180440	675000
391560	1257000
1414660	739000
449540	259000
1205620	883000
570180	435000
545220	433000
607100	359000
599300	371000
253240	171000
358800	223000
346840	489000
354900	1245000
117520	179000
1079260	1511000
1006980	1499000
296660	737000
1036620	1235000
241020	533000
501020	535000
417040	469000
555100	797000
405080	459000
268580	393000
762320	789000
639600	991000
705640	667000
561340	1095000
601640	1277000
574340	1279000
538720	1275000
572260	1113000
543400	1271000
672620	1289000
575640	993000
629720	805000
568620	1247000
561860	503000
649480	1207000
612560	1281000
534040	1081000
722800	691000
553280	1251000
723320	679000
412880	397000
749580	1143000
740740	439000
427180	541000
216580	675000
585780	1043000
571220	1163000
171080	603000
470600	497000
500500	509000
193180	623000
557440	1175000
614380	825000
262600	557000
192660	603000
163540	639000
461500	527000
440960	519000
573560	1211000
612040	1173000
710580	357000
541840	1293000
203840	633000
668460	591000
263380	595000
568880	1181000
243880	587000
217100	673000
398840	487000
640380	1151000
436540	523000
408460	475000
596960	1131000
533520	1283000
236860	583000
534820	1267000
183820	581000
392080	537000
278200	585000
205920	607000
188500	659000
456820	509000
417040	473000
456560	561000
239720	613000
391820	509000
365300	537000
403780	563000
420160	541000
217100	671000
573040	1017000
285480	619000
192400	607000
124280	935000
421200	499000
589160	1169000
355160	485000
504140	515000
572000	1171000
232180	635000
234000	585000
209040	677000
226720	541000
444340	515000
456040	525000
424840	517000
195000	663000
658580	1265000
414180	499000
635960	1105000
462020	537000
610740	1261000
726440	505000
408460	479000
647400	1179000
578240	1177000
465920	487000
196560	595000
205140	555000
230100	551000
195000	677000
409760	505000
278200	653000
581620	1111000
392340	551000
436540	495000
230620	547000
187980	583000
403000	501000
532220	1277000
640900	1073000
162500	615000
241020	585000
568100	895000
434720	517000
449020	503000
639080	1177000
577200	1181000
453700	537000
442520	543000
380120	481000
238940	603000
235820	543000
269360	543000
436020	557000
615940	821000
230620	901000
602940	905000
670280	577000
460460	321000
989560	541000
600600	1069000
581620	1115000
555100	849000
521300	813000
663780	721000
654680	345000
741000	435000
593580	325000
588640	337000
132600	603000
403000	473000
418080	73000
507000	277000
706680	681000
612040	609000
193180	549000
427700	1275000
596960	609000
488280	347000
223080	875000
811200	323000
220480	879000
521300	803000
784940	315000
164840	641000
277420	823000
764400	287000
597740	1149000
585780	481000
436540	1271000
413660	81000
497120	281000
552500	385000
655460	637000
174980	809000
132080	231000
147160	659000
568100	1281000
567060	1293000
596700	1303000
618540	1307000
613340	1305000
564980	1289000
566540	1291000
594620	1109000
661960	689000
706160	449000
532740	1001000
622700	707000
560820	895000
1086280	697000
983320	519000
643760	665000
856180	1305000
590980	319000
616720	819000
724360	511000
1061840	549000
140140	575000
580840	1239000
684320	673000
735280	489000
337740	1087000
669240	595000
276640	611000
562900	995000
635700	1015000
222820	845000
88140	909000
410280	353000
281320	623000
484380	575000
405600	351000
273260	579000
448760	757000
499460	531000
557700	817000
201500	541000
623220	351000
623740	633000
343720	495000
258700	179000
556400	333000
503880	541000
273260	591000
275340	661000
398840	569000
598260	583000
439140	513000
464100	571000
344240	521000
610740	1113000
573560	1097000
561340	531000
259480	675000
206700	679000
218400	181000
500500	521000
135200	967000
224380	681000
169260	841000
437060	569000
326040	751000
855140	1309000
160940	571000
266500	175000
716040	375000
811200	419000
265720	879000
495300	551000
620100	637000
484900	499000
411580	357000
441480	763000
296660	177000
715780	367000
218920	177000
734240	495000
550420	1093000
316420	713000
343460	497000
943540	1175000
445900	741000
203840	873000
611000	651000
147940	685000
644800	323000
224640	871000
112580	681000
616200	657000
495560	353000
618280	1131000
126100	463000
401700	347000
522860	821000
157040	857000
282360	179000
469820	357000
345800	519000
158340	613000
366860	375000
452920	565000
441220	355000
199160	545000
92040	931000
162240	633000
157820	603000
141180	455000
157040	859000
673140	529000
618540	1147000
444860	335000
635960	1075000
544440	817000
626860	607000
195520	189000
160940	611000
140400	415000
470340	347000
475800	481000
120640	447000
433680	337000
221520	593000
437580	509000
559780	1003000
182260	349000
94120	917000
420680	747000
364520	739000
735800	387000
1087320	703000
613600	1001000
977600	597000
987740	631000
668720	931000
1077440	1167000
312260	237000
208260	819000
331500	225000
469040	383000
390780	407000
1282580	689000
248300	275000
484900	411000
627640	449000
404820	467000
443820	125000
237900	245000
698100	417000
138060	477000
218400	771000
582400	703000
166660	559000
151580	827000
189540	747000
216840	503000
258700	787000
299520	1143000
257920	383000
958360	749000
339820	135000
1075620	653000
887640	1031000
418600	207000
1220700	845000
1009320	1163000
241020	269000
461500	311000
112580	365000
1364740	1325000
320060	161000
280280	267000
1327040	887000
549120	849000
634660	385000
960180	1585000
1353560	895000
183040	489000
1367080	967000
390520	805000
775840	1345000
196560	701000
621140	485000
1266460	1197000
1266720	845000
575120	885000
1284660	575000
255580	361000
125580	603000
1091220	579000
1292200	863000
1318460	963000
854100	1063000
788320	873000
289640	791000
1138280	549000
208780	835000
263120	899000
285220	975000
1055080	1293000
511160	425000
181480	487000
130520	711000
180960	907000
982540	1201000
640380	393000
732420	429000
285220	923000
407940	1101000
441740	947000
1325220	889000
299780	443000
484900	409000
866840	1365000
382980	391000
1120600	733000
955240	1091000
210080	499000
209820	479000
1002560	1175000
1097200	1179000
385580	457000
1292980	989000
1150500	973000
1208740	1445000
1365520	897000
133900	519000
667420	385000
788580	771000
326300	819000
209820	503000
352820	1243000
342940	1239000
239200	237000
572520	377000
738400	1095000
1417780	875000
775060	797000
235560	453000
417820	301000
541580	571000
338000	795000
570180	463000
702780	389000
1364480	1033000
828360	1333000
1406080	901000
633360	447000
1001520	1081000
1086020	949000
186420	207000
791180	913000
511420	459000
653900	393000
303940	881000
1249040	1215000
937820	753000
658320	1007000
281320	203000
234260	795000
575640	419000
197340	383000
172120	331000
486200	327000
900640	747000
1017120	1361000
346840	1241000
917020	941000
813540	455000
236600	821000
594100	437000
1158040	947000
1329380	551000
301340	383000
1258920	1321000
296400	693000
158340	749000
755560	1111000
669500	397000
1395160	1009000
1087060	1025000
312000	309000
995020	1409000
745680	1119000
553280	785000
336440	469000
477620	265000
275860	445000
379860	337000
1186640	1487000
439660	255000
290420	905000
351520	431000
1305200	571000
1290120	579000
942760	1619000
182000	147000
205400	247000
248560	449000
965120	1379000
262340	271000
697840	1247000
681460	423000
793260	1323000
714480	657000
1072240	1027000
252720	455000
959140	1577000
387920	1067000
848380	1365000
442520	423000
1031680	1165000
1207180	1503000
853320	749000
283400	895000
112840	677000
200720	485000
1382160	1303000
463840	421000
1281020	725000
636740	351000
1301820	1007000
194740	903000
514540	399000
978900	1387000
427180	817000
1293240	747000
966420	989000
253500	411000
1324700	1153000
1315860	1419000
652080	419000
160940	381000
247520	221000
522600	357000
944580	959000
513500	613000
172380	781000
328900	221000
290160	205000
487500	393000
1086800	1169000
588120	437000
370760	1189000
1325220	673000
613860	379000
195520	481000
1057940	1251000
437320	405000
1148680	567000
543920	331000
593320	379000
1113060	709000
408200	1059000
1205880	893000
511160	391000
561080	371000
743340	653000
320840	313000
487500	581000
170820	467000
568880	899000
429520	167000
1101360	583000
964340	1081000
377260	1095000
647140	391000
241800	255000
270660	953000
899860	1449000
682500	587000
1156220	1471000
585260	389000
1145040	537000
1272700	845000
248820	359000
512460	475000
146380	463000
827060	1345000
1088360	729000
1063400	1003000
145860	459000
283140	849000
1201200	1607000
424320	435000
642460	345000
1312220	1465000
526500	465000
1381640	911000
430560	869000
669240	535000
399360	1057000
1405820	1271000
967460	1067000
120640	683000
826280	1331000
149760	353000
1323400	1333000
1113840	1129000
540280	573000
596960	421000
154700	403000
944060	1109000
1169480	855000
1286740	681000
188240	771000
867360	753000
1055080	1297000
1379820	1317000
1336920	817000
1296360	879000
587340	689000
786760	433000
577980	929000
1090180	593000
278200	383000
655200	931000
1291420	1005000
189800	775000
1118260	1111000
567580	933000
502060	899000
321620	283000
1340820	899000
208520	723000
1252160	1177000
1318980	1149000
262600	205000
1320540	1263000
518700	455000
969800	1165000
577980	593000
264680	385000
244400	361000
236860	843000
1380860	1385000
130520	827000
950820	1043000
993200	1165000
1016600	1365000
561080	357000
1291680	575000
1294020	577000
501280	829000
687440	423000
1269320	1465000
759980	1187000
168480	893000
1277900	935000
1046760	1251000
183040	223000
1375400	895000
1382940	1309000
778440	397000
314340	1217000
260520	911000
186420	533000
539240	1121000
839540	423000
1058460	1165000
1149460	963000
1305720	1467000
1144260	1207000
1073280	987000
1372020	1185000
69680	955000
755300	929000
1016340	1387000
343720	367000
797160	399000
740740	977000
730080	319000
1129440	1577000
813800	447000
632840	353000
538720	337000
452400	1269000
607880	527000
566280	977000
1081600	957000
341120	1089000
1113320	1143000
248820	731000
790920	957000
626340	697000
616460	639000
340860	1083000
1311180	1317000
40560	965000
1054820	581000
511420	539000
1296880	1517000
608400	323000
1062100	553000
1151800	937000
536380	819000
1005940	1165000
576160	871000
1225900	1559000
643240	547000
754780	441000
591240	333000
752960	513000
1370980	1331000
558220	273000
622440	603000
365560	193000
1101880	1175000
1098760	951000
967460	775000
205400	969000
901420	1053000
1211340	1403000
1236300	1199000
717600	1103000
697580	469000
646100	719000
182520	479000
292760	675000
1038440	1047000
1251120	1167000
576680	913000
1277120	1389000
785720	905000
108160	963000
827320	1075000
1379560	1389000
262600	953000
660400	379000
634920	619000
808340	1101000
70460	941000
1237080	1371000
1088360	1095000
867360	1129000
1120080	585000
937300	1113000
1200420	1555000
1051180	947000
1017380	1349000
1014520	1081000
938340	1069000
681200	1007000
179660	531000
200200	805000
810160	365000
757640	1081000
812500	375000
1125020	1047000
728520	387000
1018940	941000
665600	377000
1149980	1551000
700180	1107000
737360	959000
261560	967000
159640	609000
987480	339000
1315340	1151000
1100060	975000
1149980	935000
64220	951000
731120	391000
918840	1141000
107900	679000
807300	455000
1075620	593000
1116440	1035000
174200	533000
394160	761000
267020	1081000
818220	363000
753220	503000
692640	1113000
729560	437000
670800	961000
1111240	1027000
555620	271000
1192620	1501000
941720	829000
867360	911000
867100	1353000
1082380	1261000
927420	755000
880100	757000
1259700	735000
463580	803000
1283100	569000
1288820	687000
577720	609000
523900	817000
618800	601000
908440	757000
1023880	1191000
717860	323000
1099020	579000
1144780	541000
153660	457000
770640	1351000
510120	607000
1076920	1183000
1140360	545000
782600	777000
731120	329000
1283880	567000
1288820	683000
1084720	1239000
587600	595000
825240	1337000
1288820	691000
414440	1121000
1278940	563000
915200	727000
425880	913000
828100	1339000
268580	349000
808600	1323000
1104480	1295000
178880	389000
764400	1333000
941720	789000
1104480	695000
610220	579000
1296360	1369000
329420	441000
1028040	1171000
414180	383000
1120860	719000
208000	493000
171600	187000
175500	329000
868140	1355000
316420	157000
173680	891000
368680	1239000
907660	751000
1272700	723000
802360	1323000
675220	1013000
488540	383000
815880	451000
632580	415000
1132300	559000
1065220	1299000
842400	1317000
336440	1251000
272480	947000
1067300	947000
596440	389000
1344980	1427000
315640	1253000
414700	333000
717080	417000
163020	395000
1332240	669000
417300	1115000
903240	1477000
799240	1333000
698100	1117000
1275560	815000
631020	425000
872040	755000
1028560	1009000
1318460	1153000
218400	321000
1414400	1257000
948740	1145000
519480	613000
413660	1061000
1295580	1037000
197340	739000
317980	309000
564200	851000
158860	327000
768040	1105000
254020	159000
726440	311000
380640	1125000
742300	1101000
307320	475000
1102660	595000
236340	537000
110240	387000
1058720	1239000
900380	751000
811720	1345000
1147640	543000
1112020	683000
221260	371000
988520	527000
704860	1113000
93600	907000
1091220	1007000
199680	369000
1204580	1407000
467220	579000
446940	885000
472680	609000
476320	605000
428220	935000
430300	937000
410800	895000
484900	633000
439920	1139000
195000	121000
1303640	1375000
1027520	1189000
1153620	951000
379860	811000
190580	287000
378560	473000
628160	335000
673140	885000
727480	491000
756080	1097000
398320	231000
897260	745000
193700	373000
236080	845000
194740	821000
653640	339000
754780	467000
222820	125000
598260	381000
341900	365000
1287000	793000
904280	1525000
938860	1093000
426920	761000
115180	923000
539760	857000
522340	447000
449280	1157000
1349920	1321000
192140	119000
150540	407000
192400	537000
1004120	1171000
677560	669000
207740	721000
224120	137000
389740	379000
632060	927000
1101620	1231000
433940	385000
144040	479000
681460	1071000
1376960	1325000
1265420	1437000
193180	905000
1011140	1309000
1275040	1081000
832260	703000
562120	595000
1121900	709000
552240	341000
395980	279000
1299220	891000
818220	449000
865800	445000
920920	1139000
572780	375000
383760	1077000
450840	915000
1142440	591000
277680	857000
403000	1097000
1203020	1527000
1290120	1463000
755300	435000
1093300	541000
1114620	1513000
674180	687000
898300	1265000
802100	979000
222300	317000
208780	925000
318500	281000
1251120	1021000
831740	455000
146640	361000
744900	713000
1118260	1041000
424320	323000
1138280	573000
933920	1059000
165360	713000
212160	939000
1225900	1533000
104000	659000
1084720	571000
1127620	1553000
112580	305000
426920	777000
164320	489000
688740	573000
798460	1057000
536380	559000
941980	1063000
1213940	1315000
711880	343000
205400	363000
222820	141000
154440	409000
1066260	1487000
558220	367000
771160	777000
642980	659000
166400	849000
765700	1103000
1016340	1235000
865540	1135000
886600	1373000
471120	381000
1141400	579000
1193400	1489000
348400	157000
190060	209000
418080	437000
172640	947000
430040	1137000
845000	1059000
411320	315000
414180	265000
94640	905000
171080	155000
122460	273000
1167660	1087000
783380	877000
463570	14000
401180	691000
302380	989000
1173120	1313000
848380	437000
824720	937000
404040	975000
514020	569000
370240	613000
228280	785000
524680	915000
410540	797000
305500	983000
598520	701000
307840	671000
529880	575000
534820	457000
379860	1047000
320580	1027000
322140	581000
406120	593000
405860	1083000
374660	1043000
513760	915000
330720	677000
552760	925000
745940	475000
356720	593000
569140	961000
826540	391000
283400	983000
180960	723000
568100	331000
158340	509000
780520	441000
848640	435000
559520	927000
704860	1257000
307580	995000
343720	589000
321360	995000
347620	583000
418600	197000
1108640	705000
774020	713000
742300	1117000
709800	329000
1064700	1303000
1038960	1247000
832260	749000
840320	751000
507780	605000
263640	849000
417560	1119000
735020	1253000
229320	199000
249340	339000
456040	805000
823420	1347000
1119040	717000
1112020	707000
526240	373000
338780	813000
941720	805000
543140	865000
777140	717000
729040	1107000
827060	757000
217880	855000
337740	799000
963300	1183000
102180	955000
679900	1021000
1084200	349000
816660	395000
658840	459000
728520	717000
423540	187000
673400	495000
155480	491000
443560	939000
1107340	549000
593840	489000
704340	505000
738140	517000
390780	1073000
688480	321000
614900	905000
159900	541000
1273220	573000
1058980	545000
489580	591000
362180	1079000
855920	443000
324220	1223000
713440	501000
630760	925000
708500	311000
991900	543000
89180	903000
638820	847000
764140	237000
405080	1095000
282100	165000
941720	781000
178100	425000
563680	903000
883740	745000
1096680	559000
722800	699000
391040	1097000
375440	1115000
673920	1067000
626600	547000
410280	201000
589160	697000
162240	501000
946660	1171000
561340	901000
525720	881000
619580	479000
615420	945000
606580	957000
745420	547000
744900	539000
726440	553000
582660	941000
582660	957000
623220	965000
592280	945000
620620	961000
626080	951000
723060	543000
751660	543000
722020	547000
748540	537000
716300	533000
580060	941000
616980	957000
588380	955000
603460	957000
730340	555000
742820	531000
728260	543000
742300	539000
726440	549000
623480	951000
754260	543000
742040	537000
597220	943000
626080	953000
628680	953000
606840	961000
734760	557000
751920	553000
600600	951000
712400	549000
624000	963000
745680	555000
618800	967000
584480	965000
715780	547000
590200	963000
717600	537000
600600	963000
733460	543000
736840	545000
617500	947000
610740	941000
740220	553000
737620	553000
718380	551000
593580	947000
603460	949000
746200	551000
715000	549000
611260	963000
708500	545000
581100	961000
731900	541000
618020	965000
582140	953000
732940	533000
746720	553000
611780	943000
590460	965000
598000	963000
714480	551000
725140	551000
754260	557000
638820	545000
991120	537000
712660	471000
597480	903000
631800	551000
660660	641000
113620	683000
600600	909000
650260	341000
989820	547000
627640	541000
633620	459000
578240	843000
553540	897000
637260	559000
700440	383000
709280	499000
548860	509000
680680	665000
558220	915000
566800	927000
1088620	705000
730340	519000
863200	1311000
737620	511000
669240	1015000
358020	837000
728520	663000
485680	639000
473980	627000
856440	1307000
1085500	699000
416520	399000
772460	1335000
1060800	693000
404040	203000
689260	1079000
751140	675000
408460	1081000
660140	977000
716820	663000
733980	673000
655460	1021000
350480	813000
984100	667000
793260	699000
799500	695000
836940	679000
1012440	681000
1016340	667000
1010880	669000
1006980	665000
1004640	673000
830960	695000
808080	693000
801060	707000
800020	715000
800800	711000
793260	709000
791960	705000
796120	713000
837200	675000
837980	683000
822640	685000
823420	683000
824980	681000
822640	689000
815360	691000
814580	695000
969020	643000
968500	651000
960960	655000
961220	649000
961740	657000
955500	667000
955760	679000
840060	671000
991120	621000
977340	609000
974740	625000
974480	615000
976560	621000
976300	629000
976300	623000
976560	633000
990340	649000
998920	659000
1001000	641000
1000740	643000
994760	635000
994760	647000
992940	633000
994760	639000
975780	649000
976560	611000
973960	607000
975000	599000
988780	603000
993980	607000
991900	637000
1408940	1579000
1423240	1319000
1355900	1485000
1393080	1559000
1409460	1535000
1423500	1299000
1400100	1325000
1179640	14000
1289460	14000
900270	362040
1040430	362940
662020	14000
917010	14000
1055050	14000
635960	473000
778960	181000
131560	237000
812810	14000
566910	14000
162240	411000
232960	897000
274300	977000
462540	295000
566910	189320
463570	110480
254280	187000
233220	467000
330460	303000
167910	14000
294270	14000
665340	593000
657280	597000
637260	797000
637000	633000
528320	781000
14780	687050
608140	911000
273000	1285000
1032200	1241000
1016340	675000
1000480	671000
985920	671000
793520	735000
793780	741000
793520	725000
796380	723000
842920	693000
1013740	677000
1019200	673000
1018680	671000
809120	725000
810940	723000
823940	713000
815880	715000
795080	721000
794560	727000
794040	719000
795340	739000
964080	671000
835380	691000
837720	687000
826800	701000
822380	709000
821860	711000
820040	719000
809120	717000
979160	641000
980200	639000
975520	637000
976560	647000
975520	655000
972660	653000
985140	669000
986440	665000
995020	629000
995020	625000
993200	611000
977340	619000
976560	613000
991120	617000
981760	627000
976820	635000
992940	605000
992680	609000
995280	655000
1000740	651000
1003080	657000
1002560	645000
995280	623000
998140	627000
993980	653000
976560	617000
977860	601000
974220	603000
991120	613000
14780	1124530
129170	1124530
14780	972780
140380	974100
614600	1319620
490580	1319620
263700	1319620
387240	1319620
14780	238010
14780	556560
14780	419360
14780	14000
14780	122710
609440	811000
607360	807000
570440	815000
1423500	1307000
1412060	1581000
1423500	1317000
1409980	1537000
1411540	1155000
1364220	1131000
1407900	1157000
1399840	1323000
1355900	1479000
1380860	1123000
1395420	1557000
1348620	1125000
1386060	1177000
1414660	1177000
1402960	1191000
1402440	1193000
830180	753000
915460	753000
677300	791000
738660	769000
262080	1087000
1035580	679000
784680	787000
677820	505000
814320	403000
379600	1065000
754000	439000
148720	205000
500500	483000
272740	359000
195520	577000
360100	539000
367380	477000
410800	481000
530920	359000
480740	509000
882960	1145000
885560	1147000
218140	683000
204620	663000
467740	607000
472940	615000
890500	373000
801060	437000
891020	407000
889980	363000
887120	403000
791180	445000
792480	441000
791960	439000
765700	469000
782340	437000
784420	463000
789620	459000
1088620	695000
1065740	711000
1033760	705000
1028040	717000
1027520	725000
1044680	729000
1083940	735000
1084980	727000
1081860	729000
1032980	691000
1045720	699000
1032720	703000
1029340	699000
1004900	699000
1011400	701000
1006720	695000
1010100	699000
1011660	697000
999700	703000
1020240	695000
1005160	697000
987220	703000
1000480	709000
1010880	693000
1010100	703000
1022060	697000
1027520	703000
1029600	695000
1034800	695000
1034800	697000
1026480	693000
934700	695000
971880	701000
731900	665000
738400	665000
741000	667000
742300	663000
726700	665000
724620	671000
729820	671000
724360	659000
720200	669000
722020	667000
711620	667000
719680	681000
724880	683000
718120	679000
717340	673000
716040	671000
723840	675000
734240	675000
735020	671000
726960	669000
728260	673000
728780	679000
726440	681000
729300	677000
718380	675000
745160	665000
740220	671000
423020	935000
417560	935000
685360	1073000
688220	1075000
726960	1415000
639860	939000
591240	897000
670540	983000
578760	979000
581100	987000
581620	985000
579280	981000
552760	909000
573820	955000
576680	969000
626340	935000
1024920	1325000
1074320	1333000
1114100	1305000
1101880	1315000
1090960	1319000
1044160	1319000
1034020	1335000
1025440	1339000
1024400	1341000
1028560	1295000
1033760	1291000
1033760	1295000
1035580	1301000
1031680	1297000
1024660	1293000
1024140	1287000
1021800	1273000
1038700	1303000
1050140	1307000
1048320	1303000
1048060	1299000
1041560	1301000
1038960	1295000
1032720	1293000
1027260	1291000
1018420	1269000
1017640	1275000
1020760	1279000
1022320	1283000
1027260	1289000
1034540	1299000
1029340	1299000
1046760	1301000
652080	1001000
661700	999000
661700	1003000
668460	1011000
657020	979000
659360	981000
660400	965000
659100	969000
662220	979000
660140	985000
661700	997000
665860	993000
668720	1003000
666900	997000
672620	999000
659360	993000
657800	991000
651820	987000
653640	985000
651040	1005000
672360	1001000
667160	1001000
669240	1013000
673660	1011000
668460	991000
665340	985000
669500	989000
386100	1075000
380120	1063000
820040	405000
825240	405000
715260	711000
713180	713000
711620	717000
720200	713000
725400	711000
726700	713000
723840	715000
718640	715000
929240	1355000
1216280	707000
384280	1287000
523900	997000
739700	1607000
1213680	1619000
623480	773000
1004640	1193000
673400	1059000
887900	445000
1057940	317000
1312220	1125000
1165840	1453000
847080	937000
735540	1409000
1391260	667000
762320	1593000
1158040	937000
660920	1065000
128440	535000
919620	927000
1256060	923000
470600	577000
1313260	1111000
1384240	593000
1064180	727000
334620	121000
1067560	1327000
394160	1043000
1022320	1359000
1411280	531000
128960	357000
1230580	1481000
484120	597000
1173120	1453000
1300520	1589000
1407380	1181000
1388920	1147000
1414660	1483000
1384240	1611000
1415180	1143000
1409200	1409000
1422460	1445000
1327560	1557000
1360840	1573000
1335880	1577000
1389960	1593000
1367600	1561000
1248260	1603000
1323920	1539000
1392300	1491000
934960	1151000
941460	1155000
534040	455000
1148940	1465000
431340	285000
429780	569000
371800	119000
743600	627000
623220	711000
528580	741000
852280	377000
1305200	699000
590980	1189000
746720	621000
438620	181000
523640	637000
759720	1339000
416000	779000
556140	637000
506480	883000
862420	679000
395200	201000
847860	469000
291460	651000
855660	649000
1080560	875000
222560	915000
445380	179000
542880	553000
267800	679000
642720	891000
166400	809000
725920	563000
998140	1227000
334620	135000
644280	881000
749060	1315000
405340	189000
466180	895000
296660	787000
272220	473000
1110460	345000
1049360	323000
1160640	1097000
352040	231000
343200	119000
568100	327000
880880	525000
618800	899000
123760	285000
792740	745000
122200	481000
546260	531000
174200	503000
543140	323000
286000	513000
162240	499000
575640	803000
870220	1265000
172640	499000
371540	571000
693160	1231000
325780	987000
335400	631000
794820	231000
1240980	1303000
1174420	1297000
279500	413000
1032460	1289000
226980	479000
161980	543000
412880	651000
843180	1185000
370240	753000
813800	399000
156260	539000
271440	1185000
277420	1231000
304200	673000
98020	945000
426400	949000
1010620	565000
271960	1299000
554060	285000
1016340	519000
424840	1307000
875420	1321000
398060	897000
452400	579000
1087840	1317000
1045980	1311000
1084980	1311000
427960	221000
1068860	1323000
512980	879000
789100	323000
874900	483000
884520	663000
1109160	1307000
1010620	729000
581620	681000
1142180	1317000
1028560	707000
1132300	1311000
1044160	705000
1141660	1321000
1028820	723000
308880	1313000
1050660	1267000
1133340	1323000
1058460	719000
460200	251000
1119300	1305000
1035320	727000
1031420	1323000
688480	663000
1024140	1323000
721500	615000
1050920	1325000
1022840	731000
1101100	1325000
1072240	715000
1002560	1445000
1039480	1321000
1004900	717000
427960	867000
1027260	1317000
569400	881000
1126060	1315000
1018420	693000
777660	219000
1066000	1315000
1018680	715000
1063660	1323000
1062620	705000
1115660	1319000
992160	723000
1013220	721000
902720	1263000
1078740	719000
509860	523000
1070680	723000
1274260	685000
1070940	699000
109720	605000
1082640	701000
859820	403000
1071980	703000
322920	441000
819520	927000
285740	767000
322140	435000
544700	825000
919880	955000
539240	807000
911040	941000
846820	1379000
1040780	1009000
790920	1009000
564200	463000
801320	1005000
443820	321000
544960	489000
463580	329000
256620	947000
979680	1385000
668200	317000
447460	311000
852800	1021000
459160	277000
673920	311000
394940	185000
894140	1005000
930540	1025000
776880	469000
332540	409000
282880	449000
168220	537000
254020	467000
866320	1013000
255580	925000
243620	953000
460720	299000
540800	353000
566540	803000
289900	485000
300040	515000
477880	423000
134940	331000
143520	323000
240760	899000
995540	1521000
1191840	631000
777140	463000
1351220	641000
1232140	851000
1306240	653000
1196260	649000
152360	127000
1201980	789000
137540	155000
138060	337000
190840	525000
1101880	1021000
973180	627000
150280	375000
233480	847000
1211600	1493000
524420	337000
673400	399000
1144260	1463000
129480	451000
1157520	869000
135720	317000
194220	471000
1208740	845000
1282060	1473000
871260	715000
278200	619000
1273220	1503000
875940	737000
767000	267000
219180	513000
626860	885000
127400	649000
226720	463000
506740	389000
247260	431000
308100	1211000
1308840	863000
1407380	865000
409240	399000
1286740	1321000
407420	371000
152360	931000
679120	561000
176020	147000
139360	921000
1107340	633000
544700	419000
107900	129000
520260	1077000
1093820	581000
139100	227000
718120	709000
152620	621000
184860	145000
365040	473000
936000	1375000
361400	477000
438620	779000
371540	425000
127660	241000
1298440	1383000
765440	547000
345800	349000
796900	561000
920920	1303000
523640	1095000
422760	461000
224120	569000
1221740	645000
342420	459000
337480	345000
166400	929000
659100	1237000
358800	431000
1229800	657000
374660	435000
892840	1149000
390780	441000
189540	481000
1123720	1113000
1140880	619000
261820	971000
349700	429000
956280	1551000
379860	427000
1180920	623000
985400	1477000
226200	277000
601900	1245000
135200	749000
702520	1123000
400140	341000
1067040	675000
352300	343000
1088360	561000
563160	1197000
352560	339000
369460	345000
842920	1173000
559260	1173000
700700	491000
701480	673000
346840	465000
1249300	639000
657020	1109000
560300	1285000
677300	681000
1226160	615000
380380	789000
1346020	759000
1044420	565000
546520	1017000
1188460	1475000
450320	561000
555100	1263000
636480	587000
1085760	1277000
337740	495000
720460	1019000
215280	155000
109720	157000
670800	949000
666380	1265000
590720	1163000
610480	1271000
771420	1291000
793260	991000
147420	591000
106860	435000
146640	817000
129740	899000
825240	1573000
427960	133000
553020	1291000
247780	833000
817180	1317000
287820	171000
684580	709000
640640	1247000
1250080	1113000
643500	1277000
466440	1113000
183300	743000
386880	317000
428740	1059000
756600	1133000
643760	369000
255580	201000
429520	1087000
402220	1059000
657800	361000
494520	457000
906360	1479000
927420	1505000
184080	423000
498160	1107000
945880	1597000
139880	895000
356460	1131000
182260	795000
304980	1163000
276380	281000
313560	391000
249600	225000
1273220	639000
1317160	559000
182000	813000
1300520	583000
1291160	653000
1348620	577000
428480	497000
658320	463000
266500	819000
528580	1287000
419380	743000
293280	307000
303160	883000
310440	255000
252460	289000
594360	521000
257400	267000
612560	587000
378560	1209000
255580	297000
538720	583000
380900	1203000
365040	445000
269880	217000
229060	611000
446940	1193000
545480	927000
722280	1091000
421200	93000
106600	449000
1262300	649000
243360	287000
268840	981000
484900	441000
719680	1095000
1249560	605000
673920	537000
131560	611000
182000	213000
225160	631000
125320	347000
692640	543000
656240	1183000
1177020	597000
182520	163000
208000	789000
196300	411000
218140	691000
242840	827000
1158820	1255000
565500	1091000
284440	783000
330200	1213000
186420	277000
213720	929000
269880	413000
177320	259000
1263340	1153000
177580	423000
284960	793000
346840	415000
233480	637000
596960	1139000
287300	397000
1342120	1255000
410280	423000
196300	955000
1395680	1193000
484120	437000
217620	801000
672880	1293000
223340	703000
1173640	1085000
222560	643000
1055340	1169000
230880	139000
461500	449000
225420	121000
239200	643000
821080	327000
172120	677000
413400	429000
1283880	751000
1337180	1153000
487500	1029000
1239160	973000
235820	189000
528580	1215000
237640	141000
416780	133000
371540	1085000
158080	159000
441220	1257000
1340300	827000
301860	487000
362180	393000
216580	227000
689000	425000
1375920	763000
364780	597000
1168180	549000
210340	221000
275600	917000
941460	619000
218660	823000
143520	211000
428740	423000
362180	373000
442520	395000
794560	1461000
167440	491000
1150240	549000
719160	1111000
463840	385000
818480	1503000
842400	1361000
398320	1107000
173680	231000
448760	421000
1393600	765000
561600	1149000
1102400	1255000
397800	1135000
560820	375000
821340	355000
205400	269000
1273220	1055000
1385020	887000
220480	281000
259740	579000
658320	425000
1280240	1079000
1384240	735000
114920	133000
224120	259000
436540	287000
1221220	1049000
579800	847000
78520	935000
1338480	1321000
131040	123000
1306500	1325000
175240	939000
1344980	883000
716560	425000
583960	925000
798720	585000
90220	921000
390780	373000
789360	1377000
412360	365000
158600	153000
289120	243000
151580	461000
234520	565000
399360	259000
530400	355000
429000	325000
1256320	959000
108680	253000
489580	283000
161980	751000
1234220	971000
456560	373000
884780	709000
250120	563000
494520	249000
487500	337000
518440	1119000
184600	237000
286780	401000
1239160	937000
211900	389000
496080	491000
152620	237000
451620	119000
361400	765000
788580	869000
452400	405000
254540	553000
122980	311000
464620	1143000
163540	487000
110500	367000
211120	909000
419120	1101000
165620	597000
475280	403000
381680	1227000
119080	765000
107900	319000
111800	341000
1143740	593000
1134900	575000
214760	735000
925080	1141000
715000	351000
1168960	545000
803140	921000
278980	121000
801060	941000
1191060	603000
1107080	537000
937560	1055000
800020	991000
636220	395000
567580	467000
63180	899000
553800	451000
686920	391000
174720	655000
894400	597000
1241240	767000
216320	325000
190320	293000
594100	813000
273260	913000
1299480	1331000
1076140	1507000
1057940	1235000
1262560	1247000
297700	771000
782080	1057000
117260	903000
1281280	813000
414180	317000
1002820	1027000
141700	887000
973700	1027000
488280	323000
632580	355000
171080	273000
124280	773000
528840	317000
332280	1273000
205660	769000
523380	427000
796380	1103000
574860	1011000
842400	1113000
715000	313000
290160	127000
46540	963000
299780	163000
276120	147000
1255540	1211000
311220	287000
340600	253000
743860	677000
359060	273000
757640	695000
1097200	1193000
309400	165000
251940	143000
337480	271000
619580	371000
219440	295000
332280	173000
693420	649000
1285960	957000
429780	753000
521820	473000
526760	489000
278200	323000
1150500	939000
952900	567000
212680	527000
1069900	963000
437840	19000
1321060	945000
765960	509000
1331720	1049000
1383460	897000
1074320	325000
476840	485000
1132560	811000
760500	529000
1316380	825000
152360	271000
1289340	931000
399880	33000
1290640	1013000
169520	315000
1125280	591000
156260	417000
197600	305000
437060	417000
448500	449000
394940	7000
676780	493000
429780	393000
243620	141000
1272440	609000
1279980	1257000
554060	487000
469300	1197000
332800	465000
348140	247000
1275300	1241000
314340	333000
273000	753000
327860	289000
302380	317000
291720	767000
623220	363000
208780	327000
470860	453000
954200	579000
340080	273000
348920	285000
1075100	541000
670540	1177000
683800	1219000
288340	467000
283400	125000
381160	293000
211380	701000
893100	1487000
796380	1001000
190060	901000
370500	129000
170820	519000
400400	95000
204620	915000
481520	1229000
1103180	973000
504140	365000
673660	1051000
323700	741000
207740	917000
1249300	1479000
557180	501000
777400	295000
761020	569000
466440	1181000
512980	503000
1125800	1057000
924040	1351000
951340	1065000
940940	1301000
134940	247000
1018160	1167000
940420	751000
944060	1055000
1046500	1079000
904280	1427000
951340	1153000
1235000	1499000
810940	577000
431600	101000
943020	1131000
969020	1163000
281320	307000
832780	645000
263380	339000
390260	553000
817700	389000
234780	325000
128440	253000
236860	353000
1166100	603000
241800	327000
315120	345000
514540	773000
1193920	885000
172900	381000
565760	405000
518700	451000
360620	211000
347100	483000
1107080	1511000
1266720	627000
291200	887000
300300	951000
716820	691000
566800	1285000
681460	1285000
625300	1045000
580840	1129000
622960	1157000
588640	1265000
650000	1129000
585780	1155000
598780	1093000
546780	1053000
183300	199000
187200	335000
456820	349000
649480	1115000
649220	1135000
153400	845000
167180	865000
538980	1033000
256880	987000
64740	965000
40040	963000
659880	537000
1377740	1403000
1124760	1073000
809900	373000
679380	385000
1138800	1553000
907920	1143000
1061060	581000
775320	395000
829400	1117000
897000	1137000
460460	1157000
330460	999000
364780	579000
265980	805000
554840	423000
309400	993000
367640	563000
1410240	1131000
1368640	1151000
1393860	1169000
1371240	1125000
775580	441000
